name: multi
channels:
  - conda-forge
  - defaults
dependencies:
  - asttokens=3.0.0=pyhd8ed1ab_0
  - backcall=0.2.0=pyh9f0ad1d_0
  - ca-certificates=2025.2.25=haa95532_0
  - colorama=0.4.6=pyhd8ed1ab_0
  - comm=0.2.2=pyhd8ed1ab_0
  - cpython=3.8.20=py38hd8ed1ab_2
  - debugpy=1.8.5=py38h2698bfa_0
  - decorator=5.1.1=pyhd8ed1ab_0
  - executing=2.1.0=pyhd8ed1ab_0
  - importlib-metadata=8.5.0=pyha770c72_0
  - ipykernel=6.29.5=pyh4bbf305_0
  - ipython=8.12.2=pyh08f2357_0
  - jedi=0.19.1=pyhd8ed1ab_0
  - jupyter_client=8.6.3=pyhd8ed1ab_0
  - jupyter_core=5.7.2=pyh5737063_1
  - krb5=1.21.3=hdf4eb48_0
  - libffi=3.4.4=hd77b12b_1
  - libsodium=1.0.18=h8d14728_1
  - matplotlib-inline=0.1.7=pyhd8ed1ab_0
  - nest-asyncio=1.6.0=pyhd8ed1ab_0
  - openssl=3.4.1=ha4e3fda_0
  - packaging=24.2=pyhd8ed1ab_2
  - parso=0.8.4=pyhd8ed1ab_0
  - pickleshare=0.7.5=py_1003
  - pip=24.2=py38haa95532_0
  - platformdirs=4.3.6=pyhd8ed1ab_0
  - prompt-toolkit=3.0.48=pyha770c72_0
  - prompt_toolkit=3.0.48=hd8ed1ab_1
  - psutil=6.0.0=py38h4cb3324_0
  - pure_eval=0.2.3=pyhd8ed1ab_0
  - pygments=2.18.0=pyhd8ed1ab_0
  - python=3.8.20=h8205438_0
  - python-dateutil=2.9.0=pyhd8ed1ab_0
  - python_abi=3.8=2_cp38
  - pywin32=306=py38hd3f51b4_2
  - pyzmq=26.2.0=py38h3c56b06_0
  - setuptools=75.1.0=py38haa95532_0
  - six=1.16.0=pyh6c4a22f_0
  - sqlite=3.45.3=h2bbff1b_0
  - stack_data=0.6.2=pyhd8ed1ab_0
  - tornado=6.4.1=py38h4cb3324_0
  - traitlets=5.14.3=pyhd8ed1ab_0
  - typing_extensions=4.12.2=pyha770c72_0
  - ucrt=10.0.22621.0=h57928b3_1
  - vc=14.42=haa95532_4
  - vc14_runtime=14.42.34438=hfd919c2_24
  - vs2015_runtime=14.42.34438=h7142326_24
  - wcwidth=0.2.13=pyhd8ed1ab_0
  - wheel=0.44.0=py38haa95532_0
  - zeromq=4.3.5=he1f189c_4
  - zipp=3.21.0=pyhd8ed1ab_0
  - pip:
      - argparse==1.4.0
      - certifi==2025.1.31
      - charset-normalizer==3.4.1
      - filelock==3.16.1
      - fsspec==2025.3.0
      - glob2==0.7
      - huggingface-hub==0.29.2
      - idna==3.10
      - jinja2==3.1.6
      - markupsafe==2.1.5
      - mpmath==1.3.0
      - networkx==3.1
      - numpy==1.24.4
      - opencv-python==4.11.0.86
      - pillow==10.4.0
      - pyqt6==6.7.1
      - pyqt6-qt6==6.7.3
      - pyqt6-sip==13.8.0
      - pyyaml==6.0.2
      - requests==2.32.3
      - safetensors==0.5.3
      - sympy==1.13.3
      - timm==1.0.15
      - torch==2.4.1
      - torchvision==0.19.1
      - tqdm==4.67.1
      - urllib3==2.2.3
prefix: C:\Users\Salvos\anaconda3\envs\multi
